+-------------------+----------------+----------------+----------------+----------------+--------+----------------+----------------+----------------+----------------+--------+----------------+----------------+----------------+----------------+--------+
|                   |Arquivo Ordenado                                                   |Arquivo em Ordem Reverso                                                    |Arquivo Randômico                                                                    |
| Métodos Ordenação | Comp. Prog. *  | Comp. Equa. #  | Mov. Prog. +   | Mov. Equa. -   | Tempo  | Comp. Prog. *  | Comp. Equa. #  | Mov. Prog. +   | Mov. Equa. -   | Tempo  | Comp. Prog. *  | Comp. Equa. #  | Mov. Prog. +   | Mov. Equa. -   | Tempo  |
+-------------------+----------------+----------------+----------------+----------------+--------+----------------+----------------+----------------+----------------+--------+----------------+----------------+----------------+----------------+--------+
| Inserção Direta   | 1023           | 1023,0         | 2046           | 3069,0         | 12     | 1023           | 262399,5       | 1048575        | 264445,5       | 4500   | 1023           | 262399,0       | 526492         | 525822,0       | 2244   |
+-------------------+----------------+----------------+----------------+----------------+--------+----------------+----------------+----------------+----------------+--------+----------------+----------------+----------------+----------------+--------+
| Inserção Binária  | 9217           | 1023,0         | 11263          | 3069,0         | 40     | 8715           | 262399,5       | 1058313        | 264445,5       | 4504   | 8417           | 262399,0       | 535835         | 525822,0       | 2272   |
+-------------------+----------------+----------------+----------------+----------------+--------+----------------+----------------+----------------+----------------+--------+----------------+----------------+----------------+----------------+--------+
| Seleção Direta    | 524799         | 523776,0       | 524799         | 3069,0         | 1784   | 524799         | 523776,0       | 525823         | 1049167,1      | 1792   | 524799         | 523776,0       | 526835         | 265213,0       | 1800   |
+-------------------+----------------+----------------+----------------+----------------+--------+----------------+----------------+----------------+----------------+--------+----------------+----------------+----------------+----------------+--------+
| Bolha             | 1023           | 523776,0       | 2046           | 0,0            | 4      | 523776         | 523776,0       | 2095104        | 1571328,0      | 8932   | 522291         | 523776,0       | 1569034        | 786176,0       | 6248   |
+-------------------+----------------+----------------+----------------+----------------+--------+----------------+----------------+----------------+----------------+--------+----------------+----------------+----------------+----------------+--------+
| Shake Sort        | 1024           | 523776,0       | 2046           | 0,0            | 4      | 524288         | 523776,0       | 2095104        | 1571328,0      | 9032   | 395764         | 523776,0       | 1315462        | 786176,0       | 5404   |
+-------------------+----------------+----------------+----------------+----------------+--------+----------------+----------------+----------------+----------------+--------+----------------+----------------+----------------+----------------+--------+
| Shell Sort        | 5601           | 0,0            | 16803          | 0,0            | 64     | 5601           | 0,0            | 25663          | 0,0            | 104    | 5601           | 0,0            | 35183          | 0,0            | 144    |
+-------------------+----------------+----------------+----------------+----------------+--------+----------------+----------------+----------------+----------------+--------+----------------+----------------+----------------+----------------+--------+
| Heap Sort         | 524288         | 0,0            | 805116         | 0,0            | 2828   | 524288         | 0,0            | 803348         | 0,0            | 2832   | 524288         | 0,0            | 805086         | 0,0            | 2844   |
+-------------------+----------------+----------------+----------------+----------------+--------+----------------+----------------+----------------+----------------+--------+----------------+----------------+----------------+----------------+--------+
| Quick com Pivô    | 9228           | 0,0            | 11276          | 0,0            | 40     | 9238           | 0,0            | 12311          | 0,0            | 44     | 13483          | 0,0            | 20281          | 0,0            | 80     |
+-------------------+----------------+----------------+----------------+----------------+--------+----------------+----------------+----------------+----------------+--------+----------------+----------------+----------------+----------------+--------+
| Quick sem Pivô    | 525822         | 0,0            | 524799         | 0,0            | 1808   | 526846         | 0,0            | 527871         | 0,0            | 1820   | 655534         | 0,0            | 913935         | 0,0            | 3608   |
+-------------------+----------------+----------------+----------------+----------------+--------+----------------+----------------+----------------+----------------+--------+----------------+----------------+----------------+----------------+--------+
| Merge 1ª Implement | 9217           | 0,0            | 39937          | 0,0            | 236    | 9217           | 0,0            | 39937          | 0,0            | 232    | 8967           | 0,0            | 39687          | 0,0            | 236    |
+-------------------+----------------+----------------+----------------+----------------+--------+----------------+----------------+----------------+----------------+--------+----------------+----------------+----------------+----------------+--------+
| Merge 2ª Implement | 5120           | 0,0            | 46080          | 0,0            | 200    | 5120           | 0,0            | 46080          | 0,0            | 188    | 8982           | 0,0            | 49942          | 0,0            | 204    |
+-------------------+----------------+----------------+----------------+----------------+--------+----------------+----------------+----------------+----------------+--------+----------------+----------------+----------------+----------------+--------+
| Counting Sort     | 1024           | 0,0            | 6144           | 0,0            | 24     | 1024           | 0,0            | 6144           | 0,0            | 24     | 1024           | 0,0            | 6144           | 0,0            | 24     |
+-------------------+----------------+----------------+----------------+----------------+--------+----------------+----------------+----------------+----------------+--------+----------------+----------------+----------------+----------------+--------+
| Bucket Sort       | 0              | 0,0            | 3072           | 0,0            | 36     | 0              | 0,0            | 3072           | 0,0            | 468    | 0              | 0,0            | 3072           | 0,0            | 244    |
+-------------------+----------------+----------------+----------------+----------------+--------+----------------+----------------+----------------+----------------+--------+----------------+----------------+----------------+----------------+--------+
| Radix Sort        | 1024           | 0,0            | 20480          | 0,0            | 84     | 1024           | 0,0            | 20480          | 0,0            | 84     | 1024           | 0,0            | 20480          | 0,0            | 84     |
+-------------------+----------------+----------------+----------------+----------------+--------+----------------+----------------+----------------+----------------+--------+----------------+----------------+----------------+----------------+--------+
| Comb Sort         | 19168          | 0,0            | 38336          | 0,0            | 128    | 19168          | 0,0            | 41620          | 0,0            | 144    | 19168          | 0,0            | 46932          | 0,0            | 172    |
+-------------------+----------------+----------------+----------------+----------------+--------+----------------+----------------+----------------+----------------+--------+----------------+----------------+----------------+----------------+--------+
| Gnome Sort        | 1023           | 0,0            | 2046           | 0,0            | 4      | 1047552        | 0,0            | 3142656        | 0,0            | 12504  | 525469         | 0,0            | 1575390        | 0,0            | 6280   |
+-------------------+----------------+----------------+----------------+----------------+--------+----------------+----------------+----------------+----------------+--------+----------------+----------------+----------------+----------------+--------+
| Tim Sort          | 35296          | 0,0            | 88512          | 0,0            | 484    | 35296          | 0,0            | 1135041        | 0,0            | 4972   | 35317          | 0,0            | 612979         | 0,0            | 2716   |
+-------------------+----------------+----------------+----------------+----------------+--------+----------------+----------------+----------------+----------------+--------+----------------+----------------+----------------+----------------+--------+
